NVERTS 4
NFACES 4

VERTEX
0, 3.6, 0.7
1.4, -1.2, 0.7
-1.4, -1.2, 0.7
0, 0, -2.1

FACES
127,127,127,	0.000000,0.000000,1.000000,	3,	1,0,2
127,127,127,	-0.903252,0.263449,-0.338719,	3,	3,2,0
127,127,127,	-0.000000,-0.919145,-0.393919,	3,	3,1,2
127,127,127,	0.903252,0.263448,-0.338720,	3,	1,3,0

TEXTURES
capsule_front.png	256 256	64.000000 0.000000	128.000000 256.000000	192.000000 0.000000
right_metal.png	256 256	128.000000 64.000000	0.000000 0.000000	128.000000 256.000000
back_metal.png	256 256	128.000000 64.000000	256.000000 0.000000	0.000000 0.000000
left_metal.png	256 256	256.000000 0.000000	128.000000 64.000000	128.000000 256.000000

END
