# This is a file adapted from the model files for Java Elite
# which in turn are based on the data released by Ian Bell
# in the file b7051600.zip at
# http://www.users.waitrose.com/~elitearc2/elite/archive/b7051600.zip
#
# dodo2.dat
#

NVERTS 28
NFACES 52

VERTEX
0.000000,	300.000000,	392.000000
286.000000,	92.000000,	392.000000
176.000000,	-242.000000,	392.000000
-176.000000,	-242.000000,	392.000000
-286.000000,	92.000000,	392.000000

0.000000,	486.000000,	92.000000
462.000000,	150.000000,	92.000000
286.000000,	-392.000000,	92.000000
-286.000000,	-392.000000,	92.000000
-462.000000,	150.000000,	92.000000

286.000000,	392.000000,	-92.000000
462.000000,	-150.000000,	-92.000000
0.000000,	-486.000000,	-92.000000
-462.000000,	-150.000000,	-92.000000
-286.000000,	392.000000,	-92.000000

176.000000,	242.000000,	-392.000000
286.000000,	-92.000000,	-392.000000
0.000000,	-300.000000,	-392.000000
-286.000000,	-92.000000,	-392.000000
-176.000000,	242.000000,	-392.000000

-32.000000,	-96.000000,	140.000000
-32.000000,	-96.000000,	392.000000
-32.000000,	96.000000,	392.000000
-32.000000,	96.000000,	140.000000
32.000000,	-96.000000,	140.000000

32.000000,	-96.000000,	392.000000
32.000000,	96.000000,	392.000000
32.000000,	96.000000,	140.000000

FACES
127, 127, 127,	-0.849488, -0.275849, 0.449753,	3,	8 13 9 
127, 127, 127,	-0.849590, 0.275763, -0.449613,	3,	9 13 19 
127, 127, 127,	-0.525659, -0.723062, -0.448179,	3,	13 8 18 
127, 127, 127,	-0.849622, -0.275892, 0.449474,	3,	3 8 9 
127, 127, 127,	-0.850644, -0.280152, 0.444882,	3,	4 3 9 
127, 127, 127,	-0.850644, 0.280152, -0.444882,	3,	13 18 19 
127, 127, 127,	-0.849540, 0.276058, -0.449527,	3,	14 9 19 
127, 127, 127,	-0.525853, 0.723047, 0.447975,	3,	9 14 5 
127, 127, 127,	-0.525779, 0.722945, 0.448226,	3,	4 9 5 
127, 127, 127,	-0.525897, -0.722937, -0.448101,	3,	8 12 18 
127, 127, 127,	0.000000, -0.000000, 1.000000,	3,	4 21 3 
127, 127, 127,	-0.000000, -0.000000, -1.000000,	3,	18 17 19 
127, 127, 127,	0.000000, 0.000000, 1.000000,	3,	21 4 22 
127, 127, 127,	0.000000, 0.000000, 1.000000,	3,	0 22 4 
127, 127, 127,	0.000000, -0.894427, 0.447214,	3,	3 2 8 
127, 127, 127,	-0.525779, 0.722945, 0.448226,	3,	0 4 5 
127, 127, 127,	0.000000, 0.894427, -0.447214,	3,	14 19 15 
127, 127, 127,	-0.525779, -0.722945, -0.448226,	3,	12 17 18 
127, 127, 127,	-0.000000, 0.000000, 1.000000,	3,	25 3 21 
127, 127, 127,	-0.003135, 0.892483, -0.451070,	3,	5 14 15 
127, 127, 127,	0.000000, -0.890522, 0.454941,	3,	7 12 8 
127, 127, 127,	0.000000, 0.000000, 1.000000,	3,	22 0 26 
127, 127, 127,	0.000000, 0.000000, 1.000000,	3,	3 25 2 
127, 127, 127,	0.000000, -0.000000, -1.000000,	3,	17 16 19 
127, 127, 127,	0.000000, -0.894427, 0.447214,	3,	2 7 8 
127, 127, 127,	0.525925, -0.722869, -0.448179,	3,	12 7 17 
127, 127, 127,	0.000000, 0.000000, -1.000000,	3,	16 15 19 
127, 127, 127,	0.000000, 0.000000, 1.000000,	3,	1 26 0 
127, 127, 127,	0.000000, -0.000000, 1.000000,	3,	26 1 25 
127, 127, 127,	0.525779, 0.722945, 0.448226,	3,	0 5 6 
127, 127, 127,	0.005057, 0.893673, -0.448691,	3,	10 5 15 
127, 127, 127,	0.000000, -0.000000, 1.000000,	3,	25 1 2 
127, 127, 127,	0.525853, 0.723047, 0.447975,	3,	5 10 6 
127, 127, 127,	0.525779, 0.722945, 0.448226,	3,	1 0 6 
127, 127, 127,	0.847950, -0.279265, 0.450547,	3,	2 1 7 
127, 127, 127,	0.847950, 0.279265, -0.450547,	3,	10 15 16 
127, 127, 127,	0.525779, -0.722945, -0.448226,	3,	11 16 17 
127, 127, 127,	0.525733, -0.723056, -0.448101,	3,	7 11 17 
127, 127, 127,	0.851287, -0.276433, 0.445978,	3,	1 6 7 
127, 127, 127,	0.849917, 0.277600, -0.447861,	3,	6 10 16 
127, 127, 127,	0.849488, -0.275849, 0.449753,	3,	6 11 7 
127, 127, 127,	0.851704, 0.273975, -0.446698,	3,	11 6 16 
127, 127, 127,	1.000000, -0.000000, 0.000000,	3,	22 20 21 
127, 127, 127,	1.000000, -0.000000, 0.000000,	3,	23 20 22 
127, 127, 127,	0.000000, 1.000000, 0.000000,	3,	25 21 20 
127, 127, 127,	0.000000, -1.000000, 0.000000,	3,	27 23 22 
127, 127, 127,	0.000000, 0.000000, 1.000000,	3,	20 23 24 
127, 127, 127,	0.000000, 1.000000, -0.000000,	3,	25 20 24 
127, 127, 127,	-0.000000, -1.000000, -0.000000,	3,	27 22 26 
127, 127, 127,	0.000000, 0.000000, 1.000000,	3,	24 23 27 
127, 127, 127,	-1.000000, -0.000000, 0.000000,	3,	25 24 26 
127, 127, 127,	-1.000000, 0.000000, 0.000000,	3,	26 24 27 

TEXTURES
left_metal.png	256 256	97 256	158 176	97 79
left_metal.png	256 256	97 79	158 176	256 48
bottom_metal.png	256 256	256 158	207 97	207 256
left_metal.png	256 256	0 207	97 256	97 79
left_metal.png	256 256	0 97	0 207	97 79
left_metal.png	256 256	158 176	256 158	256 48
left_metal.png	256 256	158 0	97 79	256 48
bottom_metal.png	256 256	0 97	48 158	128 97
bottom_metal.png	256 256	48 0	0 97	128 97
bottom_metal.png	256 256	207 97	128 158	207 256
front_metal.png	256 256	0 157	113 68	49 0
back_metal.png	256 256	256 157	128 256	206 0
front_metal.png	256 256	113 68	0 157	113 159
front_metal.png	256 256	128 256	113 159	0 157
bottom_metal.png	256 256	176 0	79 0	207 97
bottom_metal.png	256 256	128 0	48 0	128 97
bottom_metal.png	256 256	48 158	79 256	176 256
bottom_metal.png	256 256	128 158	128 256	207 256
front_metal.png	256 256	142 68	49 0	113 68
bottom_metal.png	256 256	128 97	48 158	176 256
bottom_metal.png	256 256	48 97	128 158	207 97
front_metal.png	256 256	113 159	128 256	142 159
front_metal.png	256 256	49 0	142 68	206 0
back_metal.png	256 256	128 256	0 157	206 0
bottom_metal.png	256 256	79 0	48 97	207 97
bottom_metal.png	256 256	128 158	48 97	128 256
back_metal.png	256 256	0 157	49 0	206 0
front_metal.png	256 256	256 157	142 159	128 256
front_metal.png	256 256	142 159	256 157	142 68
bottom_metal.png	256 256	128 0	128 97	256 97
bottom_metal.png	256 256	207 158	128 97	176 256
front_metal.png	256 256	142 68	256 157	206 0
bottom_metal.png	256 256	128 97	207 158	256 97
bottom_metal.png	256 256	207 0	128 0	256 97
right_metal.png	256 256	256 48	256 158	158 0
right_metal.png	256 256	97 256	0 207	0 97
bottom_metal.png	256 256	0 158	48 256	128 256
bottom_metal.png	256 256	48 97	0 158	128 256
right_metal.png	256 256	256 158	158 176	158 0
right_metal.png	256 256	158 176	97 256	0 97
right_metal.png	256 256	158 176	97 79	158 0
right_metal.png	256 256	97 79	158 176	0 97
dark_metal.png	256 256	256 159	173 96	256 96
dark_metal.png	256 256	173 159	173 96	256 159
dark_metal.png	256 256	136 0	119 0	119 82
dark_metal.png	256 256	119 82	136 82	136 0
dark_metal.png	256 256	113 68	113 159	142 68
dark_metal.png	256 256	136 0	119 82	136 82
dark_metal.png	256 256	119 82	136 0	119 0
dark_metal.png	256 256	142 68	113 159	142 159
dark_metal.png	256 256	0 159	82 159	0 96
dark_metal.png	256 256	0 96	82 159	82 96

END
