NVERTS 6
NFACES 8

VERTEX
-16, 0, 18
16, 0, 18
32, 0, -14
-32, 0, -14
0, 8, -14
0, -8, -14

FACES
127,127,127,	-0.240772,0.963087,0.120386,	3,	4,3,0
127,127,127,	-0.000000,0.970143,0.242536,	3,	4,0,1
127,127,127,	0.240772,0.963087,0.120386,	3,	2,4,1
127,127,127,	0.000000,0.000000,-1.000000,	3,	2,3,4
127,127,127,	-0.000000,0.000000,-1.000000,	3,	2,5,3
127,127,127,	-0.240772,-0.963087,0.120386,	3,	5,0,3
127,127,127,	0.000000,-0.970143,0.242536,	3,	1,0,5
127,127,127,	0.240772,-0.963087,0.120386,	3,	2,1,5

TEXTURES
sidewinder_top.png	256 256	128.000000 0.512000	0.000000 0.512000	64.000000 256.000000
sidewinder_top.png	256 256	128.000000 0.512000	64.000000 256.000000	192.000000 256.000000
sidewinder_top.png	256 256	256.000000 0.512000	128.000000 0.512000	192.000000 256.000000
sidewinder_rear.png	256 256	256.000000 128.000000	0.000000 128.000000	128.000000 256.000000
sidewinder_rear.png	256 256	256.000000 128.000000	128.000000 0.000000	0.000000 128.000000
sidewinder_bottom.png	256 256	128.000000 0.512000	64.000000 256.000000	0.000000 0.512000
sidewinder_bottom.png	256 256	192.000000 256.000000	64.000000 256.000000	128.000000 0.512000
sidewinder_bottom.png	256 256	256.000000 0.512000	192.000000 256.000000	128.000000 0.512000

END
