NVERTS 6
NFACES 8

VERTEX
46, 3, -114
0, -46, -67
0, 4, 114
44, 46, -87
-44, 46, -87
-46, 3, -114

FACES
127,127,127,	0.000000,0.978859,0.204538,	3,	2,3,4
127,127,127,	0.000000,0.531768,-0.846890,	3,	5,4,3
127,127,127,	0.000000,-0.692225,-0.721682,	3,	5,0,1
127,127,127,	0.000000,0.531768,-0.846890,	3,	0,5,3
127,127,127,	0.792356,-0.588034,0.162440,	3,	2,1,0
127,127,127,	0.977152,-0.078556,0.197489,	3,	2,0,3
127,127,127,	-0.977152,-0.078556,0.197489,	3,	2,4,5
127,127,127,	-0.792356,-0.588034,0.162440,	3,	2,5,1

TEXTURES
boa2_top.png	256 256	128.000000 256.000000	256.000000 0.000000	0.000000 0.000000
boa2_rear.png	256 256	0.000000 136.448000	5.632000 256.000000	250.368000 256.000000
boa2_rear.png	256 256	0.000000 136.448000	256.000000 136.448000	128.000000 0.000000
boa2_rear.png	256 256	256.000000 136.448000	0.000000 136.448000	250.368000 256.000000
boa2_left.png	256 256	256.000000 139.008000	52.736000 0.000000	0.000000 136.448000
boa2_left.png	256 256	256.000000 139.008000	0.000000 136.448000	30.208000 256.000000
boa2_right.png	256 256	256.000000 139.008000	30.208000 256.000000	0.000000 136.448000
boa2_right.png	256 256	256.000000 139.008000	0.000000 136.448000	52.736000 0.000000

END
