NVERTS 5
NFACES 6

VERTEX
0, 0, 32
-32, -4, -16
-16, 4, -16
16, 4, -16
32, -4, -16

FACES
127,127,127,	-0.436436,0.872872,0.218218,	3,	1,0,2
127,127,127,	0.000000,0.996546,0.083045,	3,	2,0,3
127,127,127,	0.436436,0.872872,0.218218,	3,	3,0,4
127,127,127,	0.000000,0.000000,-1.000000,	3,	1,2,3
127,127,127,	0.000000,0.000000,-1.000000,	3,	1,3,4
127,127,127,	0.000000,-0.996546,0.083045,	3,	1,4,0

TEXTURES
mamba_escort_top.png	256 256	0.000000 0.000000	128.000000 256.000000	64.000000 0.000000
mamba_escort_top.png	256 256	64.000000 0.000000	128.000000 256.000000	192.000000 0.000000
mamba_escort_top.png	256 256	192.000000 0.000000	128.000000 256.000000	256.000000 0.000000
mamba_rear.png	256 256	0.000000 0.000000	64.000000 256.000000	192.000000 256.000000
mamba_rear.png	256 256	0.000000 0.000000	192.000000 256.000000	256.000000 0.000000
mamba_escort_bottom.png	256 256	0.000000 0.000000	256.000000 0.000000	128.000000 256.000000

END
