// output from Obj2DatTex.py Wavefront text file conversion script
// (c) 2005 By Giles Williams
// 
// original file: "tunnel.obj"
// 
// model size: 100.375 x 37.614 x 39.453
// 
// textures used: ['missile.png']
// 
NVERTS 8
NFACES 8

VERTEX
39.28558, -14.72156, -0.12480
39.28558, 14.72156, -0.12480
-39.28558, 14.72156, -0.12480
-39.28558, -14.72156, -0.12480
50.18751, -18.80686, -39.45288
50.18751, 18.80686, -39.45288
-50.18751, 18.80686, -39.45288
-50.18751, -18.80686, -39.45288

FACES
1,0,0,	-0.96366,0.00000,-0.26713,	3,	0,4,1
2,0,0,	0.00000,0.99465,-0.10332,	3,	0,7,4
3,0,0,	0.00000,-0.99465,-0.10332,	3,	1,5,2
4,0,0,	0.96366,0.00000,-0.26713,	3,	2,6,3
5,0,0,	0.00000,0.99465,-0.10332,	3,	3,7,0
6,0,0,	-0.96366,0.00000,-0.26713,	3,	4,5,1
7,0,0,	0.00000,-0.99465,-0.10332,	3,	5,6,2
8,0,0,	0.96366,0.00000,-0.26713,	3,	6,7,3

TEXTURES
missile.png	1.0 1.0	-29.20641 -0.05958	-3.45998 -33.37766	0.30928 30.18628
missile.png	1.0 1.0	9.31998 38.84706	-14.86568 -44.46575	45.15857 16.74346
missile.png	1.0 1.0	-37.69947 -8.93319	-15.02329 -44.41226	9.45303 38.81561
missile.png	1.0 1.0	-29.20475 -0.07080	-3.44669 -33.37989	0.30038 30.18536
missile.png	1.0 1.0	-37.66557 -9.06604	-14.86568 -44.46575	9.31998 38.84706
missile.png	1.0 1.0	-3.45998 -33.37766	34.24646 5.26156	0.30928 30.18628
missile.png	1.0 1.0	-15.02329 -44.41226	45.21426 16.58705	9.45303 38.81561
missile.png	1.0 1.0	-3.44669 -33.37989	34.24626 5.27249	0.30038 30.18536

END
