// output from Obj2DatTex.py Wavefront text file conversion script
// (c) 2005 By Giles Williams
// 
// original file: "/Applications/Games/Oolite/Modelling/Docks/hexagon.obj"
// 
// model size: 94.634 x 100.000 x 40.000
// 
// textures used: ['missile.png']
// 
NVERTS 12
NFACES 12

VERTEX
0.00659, 49.96479, -40.00000
-47.31299, 24.96479, -40.00000
-47.31299, -25.03521, -40.00000
0.00659, -50.03521, -40.00000
47.31299, -25.03521, -40.00000
47.31299, 24.96479, -40.00000
37.84776, -20.03521, 0.00000
0.00659, -40.03521, 0.00000
-37.84776, -20.03521, 0.00000
-37.84776, 19.96479, 0.00000
0.74123, 40.38729, 0.00000
37.84776, 19.96479, 0.00000

FACES
1,0,0,	-0.67154,-0.86178,-0.21544,	3,	0,11,5
1,0,0,	0.67154,-0.86178,-0.21544,	3,	1,10,0
1,0,0,	0.97298,-0.00000,-0.21544,	3,	2,9,1
1,0,0,	0.67154,0.86178,-0.21544,	3,	3,8,2
1,0,0,	-0.67154,0.86178,-0.21544,	3,	4,7,3
1,0,0,	-0.97298,-0.00000,-0.21544,	3,	5,6,4
1,0,0,	-0.97298,-0.00000,-0.21544,	3,	5,11,6
1,0,0,	-0.67154,0.86178,-0.21544,	3,	6,7,4
1,0,0,	0.67154,0.86178,-0.21544,	3,	7,8,3
1,0,0,	0.97298,-0.00000,-0.21544,	3,	8,9,2
1,0,0,	0.67154,-0.86178,-0.21544,	3,	9,10,1
1,0,0,	-0.47507,-0.85715,-0.19579,	3,	10,11,0

TEXTURES
missile.png	1.0 1.0	176.89600 246.27200	228.35200 108.03200	253.44000 153.08800
missile.png	1.0 1.0	56.83200 234.49600	167.16800 222.72000	176.89600 246.27200
missile.png	1.0 1.0	0.00000 128.00000	71.16800 213.24800	56.83200 234.49600
missile.png	1.0 1.0	56.83200 21.50400	25.60000 128.00000	0.00000 128.00000
missile.png	1.0 1.0	176.89600 9.72800	71.16800 42.75200	56.83200 21.50400
missile.png	1.0 1.0	253.44000 102.91200	167.16800 33.28000	176.89600 9.72800
missile.png	1.0 1.0	253.44000 102.91200	228.35200 108.03200	167.16800 33.28000
missile.png	1.0 1.0	167.16800 33.28000	71.16800 42.75200	176.89600 9.72800
missile.png	1.0 1.0	71.16800 42.75200	25.60000 128.00000	56.83200 21.50400
missile.png	1.0 1.0	25.60000 128.00000	71.16800 213.24800	0.00000 128.00000
missile.png	1.0 1.0	71.16800 213.24800	167.16800 222.72000	56.83200 234.49600
missile.png	1.0 1.0	167.16800 222.72000	228.35200 147.96800	176.89600 246.27200

END
